613-116988 088.0647322 +32.4223469 12.586  0.005 12.543  0.033
613-117997 088.2005283 +32.4288856 12.652  0.000 12.599  0.029
613-117782 088.1690408 +32.4514719 12.619  0.014 12.548  0.027
613-117492 088.1292881 +32.4496342 11.186  0.012 11.125  0.038
613-117307 088.1030869 +32.4582269 12.732  0.005 12.671  0.035
613-117549 088.1383083 +32.4621264 10.983  0.007 10.560  0.052
613-117609 088.1455283 +32.4759747 12.903  0.006 12.806  0.039
613-117683 088.1564755 +32.4793525 12.216  0.008 12.160  0.037
613-117757 088.1659422 +32.4623361 12.581  0.017 12.499  0.036
613-117769 088.1670661 +32.4958683 12.027  0.014 11.937  0.039
613-117825 088.1744467 +32.4990717 11.759  0.019 11.708  0.009
613-117591 088.1424575 +32.5064100 12.799  0.026 12.682  0.005
613-117722 088.1600256 +32.5223244 12.866  0.020 12.804  0.029
613-116706 088.0307428 +32.4346392 12.592  0.008 12.475  0.027
613-116858 088.0484328 +32.4297003 11.533  0.008 11.476  0.037
613-116598 088.0179156 +32.4468467 11.301  0.006 11.264  0.032
613-116574 088.0145375 +32.4747714 12.901  0.010 12.795  0.011
613-116631 088.0226419 +32.4754614 10.903  0.008 10.400  0.052
613-116655 088.0252136 +32.4693028 11.191  0.012 11.140  0.041
613-116055 087.9387108 +32.4395656 12.738  0.017 12.708  0.030
613-116144 087.9500464 +32.4305458 11.983  0.006 11.975  0.028
613-116158 087.9519658 +32.4597786 12.627  0.006 12.017  0.027
613-116296 087.9739842 +32.4687331 12.394  0.013 12.330  0.037
613-116136 087.9489599 +32.4866906 11.356  0.014 11.311  0.035
613-116287 087.9726903 +32.5181964 12.979  0.027 12.872  0.016
613-116332 087.9797589 +32.5008072 11.331  0.015 10.928  0.027
613-116909 088.0531853 +32.4695056 12.383  0.005 12.309  0.035
613-117019 088.0688217 +32.4579025 12.382  0.061 12.281  0.035
613-117057 088.0730139 +32.4632483 11.826  0.009 11.744  0.027
613-117284 088.1006418 +32.4788600 10.912  0.028 10.730  0.046
613-116685 088.0287169 +32.4932050 12.252  0.017 12.193  0.033
613-116778 088.0375195 +32.4907656 12.468  0.014 12.398  0.024
613-116832 088.0453140 +32.4934075 12.725  0.008 12.643  0.027
613-116861 088.0486292 +32.4765447 12.455  0.012 12.389  0.045
613-116978 088.0629147 +32.5092389 11.828  0.010 11.782  0.030
613-116995 088.0654025 +32.5180581 11.798  0.017 11.720  0.042
613-116998 088.0657219 +32.5030597 11.753  0.014 11.669  0.036
613-117029 088.0694358 +32.5276108 11.454  0.001 11.034  0.040
613-117076 088.0748940 +32.5028106 12.984  0.001 12.901  0.001
613-117084 088.0758843 +32.5211236 11.478  0.001 11.101  0.031
613-117420 088.1188383 +32.5251444 11.922  0.014 11.864  0.016
613-117470 088.1268024 +32.5324667 11.465  0.008 11.415  0.021
613-117597 088.1432986 +32.5382092 12.463  0.011 12.351  0.041
613-117111 088.0789164 +32.5382417 11.314  0.016 10.962  0.020
613-117134 088.0825464 +32.5308486 11.837  0.013 11.805  0.037
613-117217 088.0921767 +32.5285017 11.126  0.018 11.008  0.019
613-117265 088.0979503 +32.5466611 12.384  0.020 12.244  0.015
613-117282 088.1003250 +32.5558622 12.236  0.012 12.135  0.026
613-117411 088.1181275 +32.5637236 11.064  0.005 10.827  0.052
613-116542 088.0094681 +32.5122197 10.289  0.011  9.914  0.001
613-116632 088.0226642 +32.5169911 12.804  0.021 12.694  0.032
613-116740 088.0336808 +32.5092450 11.055  0.006 10.647  0.055
613-116752 088.0351861 +32.5325586 11.733  0.013 11.641  0.039
613-116781 088.0380290 +32.5442531 11.544  0.001 11.141  0.018
613-116820 088.0437825 +32.5130711 11.171  0.014 11.095  0.039
613-116977 088.0628608 +32.5279806 11.021  0.006 10.630  0.056
613-116501 088.0043389 +32.5287503 11.354  0.014 11.306  0.034
613-116556 088.0109500 +32.5499700 12.118  0.012 12.038  0.035
613-116612 088.0203869 +32.5550544 11.414  0.001 10.997  0.036
613-116701 088.0305347 +32.5501961 11.600  0.018 11.485  0.040
613-117007 088.0675347 +32.5648283 11.574  0.012 11.163  0.028
613-117039 088.0710375 +32.5402275 12.128  0.036 12.080  0.014
613-117048 088.0719275 +32.5490236 11.153  0.036 10.835  0.003
613-117106 088.0785183 +32.5527833  9.197  0.001  8.637  0.001
613-117149 088.0846397 +32.5636619 11.392  0.009 10.967  0.023
613-117151 088.0850503 +32.5842567 10.699  0.019 10.616  0.059
613-117170 088.0872093 +32.5576894 11.635  0.006 11.229  0.025
613-117210 088.0918208 +32.5650817 11.134  0.014 11.028  0.043
613-117277 088.0998589 +32.5824797 11.694  0.008 11.625  0.037
613-116755 088.0353497 +32.5848714 12.886  0.020 12.826  0.034
613-116912 088.0546197 +32.5868725 11.492  0.017 11.456  0.033
613-116957 088.0609061 +32.5812053 11.583  0.024 11.536  0.039
614-116686 088.0681525 +32.6057544 11.002  0.012 10.764  0.056
614-116696 088.0702933 +32.6130531 12.394  0.014 12.369  0.022
614-116719 088.0743736 +32.6006428 11.942  0.008 11.856  0.036
614-116727 088.0756061 +32.6081806 12.717  0.016 12.691  0.020
613-116029 087.9360917 +32.5105483 12.941  0.006 12.838  0.018
613-116063 087.9393018 +32.5211703 11.462  0.009 11.418  0.039
613-116214 087.9603347 +32.5315861 10.897  0.005 10.591  0.051
613-115991 087.9295025 +32.5444564 12.506  0.017 12.461  0.033
613-116311 087.9769154 +32.5429814 12.733  0.000 12.645  0.023
613-116534 088.0089914 +32.5621408 12.909  0.008 12.829  0.019
613-116225 087.9621193 +32.5645939 12.261  0.018 12.194  0.041
614-116446 088.0248158 +32.6084753 12.539  0.019 12.496  0.031
614-116533 088.0394206 +32.6072833 11.928  0.025 11.897  0.035
614-116218 087.9872752 +32.6217856 11.390  0.006 11.016  0.024
614-116249 087.9916689 +32.6158308 11.439  0.018 11.396  0.031
614-116353 088.0100042 +32.6084481 11.839  0.006 11.817  0.040
614-116330 088.0061783 +32.6363161 11.952  0.013 11.901  0.033
614-116400 088.0184983 +32.6582486 12.948  0.020 12.858  0.037
613-115996 087.9303936 +32.5828125 11.935  0.011 11.877  0.032
613-116111 087.9463145 +32.5922611 12.435  0.000 12.306  0.019
614-116014 087.9478058 +32.6051794 11.326  0.013 11.280  0.035
613-117927 088.1890861 +32.5117086 12.735  0.014 12.670  0.037
613-118082 088.2153189 +32.5178692 11.654  0.001 11.568  0.014
613-117719 088.1595594 +32.5292311 11.989  0.018 11.944  0.036
613-117787 088.1692590 +32.5375331 10.326  0.013  9.881  0.001
613-117815 088.1729983 +32.5484661 11.656  0.019 11.596  0.036
613-117888 088.1839597 +32.5309844 12.650  0.009 12.589  0.037
613-117960 088.1939580 +32.5686558 10.197  0.023  9.743  0.001
613-117970 088.1957378 +32.5553581 11.094  0.000 10.694  0.025
613-117993 088.1992038 +32.5499069  9.923  0.001  9.799  0.001
613-118098 088.2182217 +32.5859467 12.719  0.017 12.674  0.019
613-117578 088.1415190 +32.5478092 11.758  0.008 11.700  0.037
613-117844 088.1765707 +32.5723211 12.044  0.010 12.009  0.029
613-117476 088.1277682 +32.5778956 11.739  0.001 11.674  0.006
613-117554 088.1387439 +32.5825664 11.670  0.005 11.613  0.033
613-117555 088.1388786 +32.5705942 12.358  0.017 12.197  0.046
613-117633 088.1486177 +32.5745208 11.525  0.027 11.502  0.069
614-117261 088.1638983 +32.6048331 11.483  0.020 11.440  0.036
614-117490 088.2099425 +32.6113886 11.828  0.006 11.734  0.048
614-117519 088.2170436 +32.6259575 11.547  0.010 11.488  0.038
614-117522 088.2180008 +32.6375686 12.617  0.006 12.566  0.026
613-117263 088.0977131 +32.5896461 12.388  0.044 12.306  0.064
613-117297 088.1017489 +32.5947661 12.027  0.016 11.951  0.031
613-117428 088.1199687 +32.5991067 12.257  0.012 12.167  0.045
614-117106 088.1373883 +32.6232514 12.909  0.006 12.830  0.035
614-117111 088.1384569 +32.6167189 12.582  0.011 12.554  0.027
614-116880 088.1008970 +32.6255236 11.917  0.012 11.840  0.038
614-116821 088.0922381 +32.6452761 12.374  0.017 12.226  0.034
614-116882 088.1011342 +32.6460886 12.667  0.016 12.626  0.031
614-116986 088.1196969 +32.6511700 12.241  0.010 12.177  0.026
614-117242 088.1602664 +32.6461839 12.471  0.013 12.433  0.041
614-117284 088.1679780 +32.6585086 12.491  0.016 12.450  0.033
614-117083 088.1334289 +32.6481556 11.673  0.011 11.610  0.032
614-116590 088.0521717 +32.6452017 11.159  0.014 10.754  0.051
614-116673 088.0653363 +32.6514786 12.775  0.006 12.733  0.040
614-116691 088.0690050 +32.6639881 11.420  0.012 11.353  0.033
614-116768 088.0832686 +32.6649336 12.718  0.015 12.642  0.027
614-116623 088.0571615 +32.6576917 11.563  0.016 11.515  0.033
