          613-117492         088.1292881         +32.4496342              11.186               0.012              11.125               0.038            -12.0991              0.0012            -12.5236               0.001
          613-117307         088.1030869         +32.4582269              12.732               0.005              12.671               0.035            -10.6416              0.0029            -11.0632              0.0023
          613-117549         088.1383083         +32.4621264              10.983               0.007              10.560               0.052            -12.3473              0.0011            -13.1561              0.0007
          613-117609         088.1455283         +32.4759747              12.903               0.006              12.806               0.039            -10.4162              0.0034            -10.8471              0.0027
          613-117591         088.1424575         +32.5064100              12.799               0.026              12.682               0.005            -10.3788              0.0035             -10.809              0.0028
          613-117722         088.1600256         +32.5223244              12.866               0.020              12.804               0.029            -12.2383              0.0011            -12.6346              0.0009
          613-116136         087.9489599         +32.4866906              11.356               0.014              11.311               0.035            -11.9739              0.0013            -12.3422              0.0011
          613-116909         088.0531853         +32.4695056              12.383               0.005              12.309               0.035             -10.261              0.0038            -10.7159               0.003
          613-117019         088.0688217         +32.4579025              12.382               0.061              12.281               0.035            -11.1077              0.0022            -11.5341              0.0017
          613-117057         088.0730139         +32.4632483              11.826               0.009              11.744               0.027            -11.6089              0.0016            -12.0536              0.0013
          613-117284         088.1006418         +32.4788600              10.912               0.028              10.730               0.046            -12.5209               0.001            -13.0774              0.0008
          613-116778         088.0375195         +32.4907656              12.468               0.014              12.398               0.024            -11.0915              0.0022            -11.5072              0.0018
          613-116861         088.0486292         +32.4765447              12.455               0.012              12.389               0.045             -9.5032              0.0066             -9.9883               0.005
          613-116978         088.0629147         +32.5092389              11.828               0.010              11.782               0.030            -11.7437              0.0015             -12.139              0.0012
          613-117084         088.0758843         +32.5211236              11.478               0.001              11.101               0.031            -11.8647              0.0014            -12.6255              0.0009
          613-117420         088.1188383         +32.5251444              11.922               0.014              11.864               0.016            -11.4079              0.0018            -11.8064              0.0015
          613-117470         088.1268024         +32.5324667              11.465               0.008              11.415               0.021            -12.0466              0.0013            -12.4534               0.001
          613-117597         088.1432986         +32.5382092              12.463               0.011              12.351               0.041            -10.9607              0.0024            -11.3999              0.0019
          613-117217         088.0921767         +32.5285017              11.126               0.018              11.008               0.019            -12.0024              0.0013            -12.4809               0.001
          613-117282         088.1003250         +32.5558622              12.236               0.012              12.135               0.026            -11.3502              0.0019            -11.7973              0.0015
          613-117411         088.1181275         +32.5637236              11.064               0.005              10.827               0.052            -12.0375              0.0013            -12.5923               0.001
          613-116542         088.0094681         +32.5122197              10.289               0.011               9.914               0.001            -13.3108              0.0007            -14.1471              0.0004
          613-116632         088.0226642         +32.5169911              12.804               0.021              12.694               0.032            -10.6097               0.003            -11.0301              0.0024
          613-116740         088.0336808         +32.5092450              11.055               0.006              10.647               0.055            -12.5501               0.001            -13.3393              0.0007
          613-116752         088.0351861         +32.5325586              11.733               0.013              11.641               0.039            -10.2867              0.0037            -10.7034               0.003
          613-116501         088.0043389         +32.5287503              11.354               0.014              11.306               0.034            -12.2383              0.0011            -12.6346              0.0009
          613-117048         088.0719275         +32.5490236              11.153               0.036              10.835               0.003            -12.3892              0.0011            -13.1548              0.0007
          613-117106         088.0785183         +32.5527833               9.197               0.001               8.637               0.001            -10.1239              0.0042             -10.553              0.0033
          613-117149         088.0846397         +32.5636619              11.392               0.009              10.967               0.023            -12.2006              0.0012            -12.9677              0.0008
          613-117151         088.0850503         +32.5842567              10.699               0.019              10.616               0.059            -12.9129              0.0008            -13.3675              0.0007
          613-117170         088.0872093         +32.5576894              11.635               0.006              11.229               0.025            -10.0761              0.0043            -10.4642              0.0035
          613-117277         088.0998589         +32.5824797              11.694               0.008              11.625               0.037            -11.8239              0.0014            -12.2204              0.0012
          613-116755         088.0353497         +32.5848714              12.886               0.020              12.826               0.034            -10.7624              0.0027            -11.1792              0.0022
          613-116225         087.9621193         +32.5645939              12.261               0.018              12.194               0.041            -10.7396              0.0027            -11.1471              0.0022
          614-116533         088.0394206         +32.6072833              11.928               0.025              11.897               0.035            -11.7942              0.0015            -12.1715              0.0012
          613-115996         087.9303936         +32.5828125              11.935               0.011              11.877               0.032            -12.8619              0.0008            -13.2885              0.0007
          613-117960         088.1939580         +32.5686558              10.197               0.023               9.743               0.001            -11.8682              0.0014            -12.2926              0.0011
          613-117993         088.1992038         +32.5499069               9.923               0.001               9.799               0.001            -10.7152              0.0028            -11.1426              0.0022
          613-117578         088.1415190         +32.5478092              11.758               0.008              11.700               0.037            -11.7118              0.0015            -12.1216              0.0012
          613-117476         088.1277682         +32.5778956              11.739               0.001              11.674               0.006            -11.5862              0.0016            -11.9676              0.0014
          613-117554         088.1387439         +32.5825664              11.670               0.005              11.613               0.033            -11.8156              0.0014             -12.227              0.0012
          613-117555         088.1388786         +32.5705942              12.358               0.017              12.197               0.046            -10.0609              0.0044            -10.5061              0.0034
          613-117297         088.1017489         +32.5947661              12.027               0.016              11.951               0.031             -11.559              0.0017             -11.986              0.0013
          613-117428         088.1199687         +32.5991067              12.257               0.012              12.167               0.045            -11.2715               0.002            -11.7118              0.0016
          614-117106         088.1373883         +32.6232514              12.909               0.006              12.830               0.035            -10.5393              0.0031            -10.9615              0.0025
          614-117111         088.1384569         +32.6167189              12.582               0.011              12.554               0.027            -10.8313              0.0026            -11.2145              0.0021
          614-116986         088.1196969         +32.6511700              12.241               0.010              12.177               0.026            -11.1739              0.0021            -11.5762              0.0017
          614-117284         088.1679780         +32.6585086              12.491               0.016              12.450               0.033              -9.021              0.0097             -9.5954              0.0068
          614-117083         088.1334289         +32.6481556              11.673               0.011              11.610               0.032            -10.3139              0.0036            -10.7319              0.0029

