621-108973 084.1154906 +34.0945161                      
621-108996 084.1193978 +34.0960281                      
621-109005 084.1210253 +34.0940047                      
621-109020 084.1236169 +34.1031619                      
621-109033 084.1260558 +34.0933761                      
621-109046 084.1284064 +34.1017619 12.523  0.015 12.462  0.040
621-109048 084.1292036 +34.1043756                      
621-109053 084.1299382 +34.0975392                      
621-109071 084.1338491 +34.1129867                      
621-108703 084.0715857 +34.0949553                      
621-108722 084.0748614 +34.0940311 15.882  0.021 15.105  0.029
621-108727 084.0755150 +34.1001956                      
621-108745 084.0797875 +34.0990650                      
621-108760 084.0834475 +34.1031597 12.420  0.017 12.365  0.041
621-108767 084.0846453 +34.0981669                      
621-108798 084.0899053 +34.1106950                      
621-108803 084.0908061 +34.1146419                      
621-108805 084.0910707 +34.0946353                      
621-108816 084.0921081 +34.1046261                      
621-108819 084.0923369 +34.0976697                      
621-108826 084.0938694 +34.1022486                      
621-108828 084.0942017 +34.0939389                      
621-108843 084.0958972 +34.1045275                      
621-108863 084.0986658 +34.1050800                      
621-108868 084.0993297 +34.0991956                      
621-108893 084.1018033 +34.0956208                      
621-108800 084.0904133 +34.1159186                      
621-108823 084.0935111 +34.1150372                      
621-108825 084.0938452 +34.1128250                      
621-108830 084.0943786 +34.1115489                      
621-108832 084.0948406 +34.1128772                      
621-108842 084.0958606 +34.1162264                      
621-108848 084.0964425 +34.1154164                      
621-108853 084.0970612 +34.1133456                      
621-108869 084.0993397 +34.1131819                      
621-108870 084.0994000 +34.1104322                      
621-108872 084.0996572 +34.1165208                      
621-108875 084.0997778 +34.1181711                      
621-108878 084.1000222 +34.1200978                      
621-108887 084.1010880 +34.1271517                      
621-108889 084.1011672 +34.1234069                      
621-108905 084.1031857 +34.1277156                      
621-108907 084.1034417 +34.1175817                      
621-108910 084.1036156 +34.1303681                      
621-108913 084.1041014 +34.1109958                      
621-108917 084.1046517 +34.1027947                      
621-108918 084.1048050 +34.1136567                      
621-108921 084.1064047 +34.1130122                      
621-108923 084.1066928 +34.1276728                      
621-108927 084.1072328 +34.1289236                      
621-108931 084.1076292 +34.1259556                      
621-108935 084.1087003 +34.1146378                      
621-108941 084.1097600 +34.0995906                      
621-108944 084.1098758 +34.1073078                      
621-108945 084.1102067 +34.1275331                      
621-108946 084.1104097 +34.1217194 14.187  0.023 13.735  0.051
621-108947 084.1104369 +34.1355181                      
621-108949 084.1105614 +34.1192097                      
621-108952 084.1107600 +34.1059136 12.873  0.014 12.664  0.065
621-108957 084.1122314 +34.1146275                      
621-108967 084.1142217 +34.0999472                      
621-108970 084.1146047 +34.1296806                      
621-108977 084.1157733 +34.1133550                      
621-108980 084.1163794 +34.1169561                      
621-108983 084.1168494 +34.1302694 12.055  0.009 12.022  0.046
621-108985 084.1172878 +34.1156208                      
621-108990 084.1181606 +34.1226114 11.880  0.015 11.878  0.032
621-108998 084.1197731 +34.1183847                      
621-109000 084.1201394 +34.1169969                      
621-109008 084.1212772 +34.1283264                      
621-109023 084.1241916 +34.1069167                      
621-109044 084.1282243 +34.1141031                      
621-108509 084.0345086 +34.0942839                      
621-108553 084.0430284 +34.1051722                      
621-108558 084.0441017 +34.1115119                      
621-108562 084.0447131 +34.1091167                      
621-108567 084.0470064 +34.0948806                      
621-108571 084.0478206 +34.0975831                      
621-108572 084.0479279 +34.1063672                      
621-108586 084.0510819 +34.0977678                      
621-108587 084.0513381 +34.0933767 13.721  0.024 13.471  0.051
621-108611 084.0552208 +34.0993811 13.765  0.025 13.347  0.047
621-108518 084.0361038 +34.1131525                      
621-108528 084.0377187 +34.1199314                      
621-108529 084.0377772 +34.1213831 14.423  0.036 13.880  0.045
621-108541 084.0405744 +34.1171583                      
621-108546 084.0410353 +34.1184033                      
621-108573 084.0480719 +34.1184317 11.377  0.016 11.398  0.046
621-108580 084.0493400 +34.1150275                      
621-108584 084.0509800 +34.1194478                      
621-108601 084.0539781 +34.1208675                      
621-108607 084.0546342 +34.1125306                      
621-108610 084.0551012 +34.1067864                      
621-108614 084.0558536 +34.1101203                      
621-108615 084.0558786 +34.1215961                      
621-108618 084.0561200 +34.1157972                      
621-108627 084.0574075 +34.1211017                      
621-108637 084.0586997 +34.1189111                      
621-108638 084.0592597 +34.1131522                      
621-108640 084.0596083 +34.1090597                      
621-108642 084.0597711 +34.1308719                      
621-108647 084.0608031 +34.1224803                      
621-108650 084.0609378 +34.1063592                      
621-108660 084.0636981 +34.1200944                      
621-108661 084.0637878 +34.1313906                      
621-108665 084.0644553 +34.1343944                      
621-108667 084.0650158 +34.1163144                      
621-108670 084.0654432 +34.1155372                      
621-108691 084.0691967 +34.1194286                      
621-108693 084.0693375 +34.1044469                      
621-108694 084.0694494 +34.1081678                      
621-108695 084.0695244 +34.1240978                      
621-108707 084.0722783 +34.1003767                      
621-108708 084.0723892 +34.1195661                      
621-108714 084.0735494 +34.1280789                      
621-108719 084.0743575 +34.1087811                      
621-108728 084.0756063 +34.1238147                      
621-108734 084.0764747 +34.1039878                      
621-108737 084.0779400 +34.1110353                      
621-108740 084.0784343 +34.1224467                      
621-108741 084.0790282 +34.1095361                      
621-108751 084.0811791 +34.1243325                      
621-108764 084.0839812 +34.1198508                      
621-108776 084.0864717 +34.1139086 12.438  0.033 12.370  0.059
621-108720 084.0745206 +34.1376583                      
621-108744 084.0797019 +34.1332022 14.183  0.067 13.863  0.043
621-108759 084.0832217 +34.1294500                      
621-108762 084.0835044 +34.1540200                      
621-108763 084.0838203 +34.1335306                      
621-108768 084.0847524 +34.1475728                      
621-108775 084.0862625 +34.1412933                      
621-108777 084.0864922 +34.1433983                      
621-108778 084.0870581 +34.1505850                      
621-108781 084.0874819 +34.1358167                      
621-108783 084.0878575 +34.1210119                      
621-108788 084.0885261 +34.1184303                      
621-108789 084.0885772 +34.1506056                      
621-108795 084.0896686 +34.1291033                      
621-108799 084.0904036 +34.1395981                      
621-108809 084.0913944 +34.1233075                      
621-108810 084.0914161 +34.1355794                      
621-108812 084.0917753 +34.1448500                      
621-108814 084.0918856 +34.1313186                      
621-108815 084.0919856 +34.1564925                      
621-108817 084.0922483 +34.1204647 11.279  0.030 11.247  0.038
621-108821 084.0931547 +34.1347014                      
621-108824 084.0935192 +34.1443619                      
621-108827 084.0939814 +34.1546269                      
621-108829 084.0943381 +34.1427764                      
621-108831 084.0944155 +34.1338131                      
621-108833 084.0948617 +34.1457297                      
621-108836 084.0952722 +34.1547725                      
621-108850 084.0967697 +34.1454206                      
621-108858 084.0978100 +34.1522961                      
621-108862 084.0986031 +34.1299744                      
621-108866 084.0988442 +34.1323264                      
621-108890 084.1013370 +34.1339086                      
621-108894 084.1018367 +34.1411489 12.863  0.020 12.788  0.057
621-108508 084.0344497 +34.1425294                      
621-108511 084.0348592 +34.1474331                      
621-108514 084.0353884 +34.1271406                      
621-108531 084.0380986 +34.1418053                      
621-108532 084.0382289 +34.1338581                      
621-108533 084.0382469 +34.1491500                      
621-108534 084.0384711 +34.1391458                      
621-108537 084.0391186 +34.1235811                      
621-108538 084.0394225 +34.1475069                      
621-108540 084.0404561 +34.1399364                      
621-108542 084.0406511 +34.1441286                      
621-108554 084.0434581 +34.1351619 15.384  0.001 14.764  0.001
621-108559 084.0443853 +34.1253822                      
621-108560 084.0445445 +34.1320083                      
621-108575 084.0483142 +34.1261394                      
621-108578 084.0490100 +34.1405900                      
621-108582 084.0502350 +34.1401794                      
621-108583 084.0505072 +34.1490986                      
621-108589 084.0515864 +34.1342419                      
621-108590 084.0523486 +34.1495756 10.784  0.008 10.816  0.046
621-108599 084.0535989 +34.1315719                      
621-108609 084.0550933 +34.1272608                      
621-108619 084.0563347 +34.1490531                      
621-108645 084.0602367 +34.1399492                      
621-108568 084.0477076 +34.1593422 13.313  0.044 12.826  0.061
621-108579 084.0490931 +34.1583633 13.313  0.044 12.826  0.061
621-108591 084.0524606 +34.1581467                      
621-108595 084.0531489 +34.1566831                      
621-108598 084.0535558 +34.1647639 15.567  0.052 14.808  0.064
621-108602 084.0541553 +34.1605039                      
621-108603 084.0542114 +34.1551117                      
621-108606 084.0545939 +34.1625800                      
621-108617 084.0560406 +34.1539372                      
621-108620 084.0564619 +34.1569567 13.763  0.018 13.417  0.102
621-108626 084.0573872 +34.1716689                      
621-108632 084.0581733 +34.1577425                      
621-108635 084.0583450 +34.1698703                      
621-108651 084.0611422 +34.1692247                      
621-108653 084.0612189 +34.1544069                      
621-108673 084.0655617 +34.1581869                      
621-108675 084.0658361 +34.1434850                      
621-108676 084.0661668 +34.1547833                      
621-108677 084.0663831 +34.1644547                      
621-108678 084.0665329 +34.1661542                      
621-108684 084.0678267 +34.1740375                      
621-108689 084.0687172 +34.1655275                      
621-108696 084.0695306 +34.1505636                      
621-108701 084.0707017 +34.1621383                      
621-108704 084.0719428 +34.1505836                      
621-108718 084.0743431 +34.1540578 14.189  0.069 13.839  0.027
621-108721 084.0746189 +34.1641358                      
621-108725 084.0751905 +34.1585172                      
621-108732 084.0761847 +34.1658692                      
621-108739 084.0782574 +34.1700608                      
621-108747 084.0801194 +34.1560564                      
621-108755 084.0822042 +34.1576833                      
621-108771 084.0855281 +34.1573456                      
621-108792 084.0891203 +34.1613675 10.679  0.018 10.711  0.052
621-108510 084.0348283 +34.1700211 13.478  0.056 13.280  0.076
621-108524 084.0369503 +34.1754603                      
621-108570 084.0478158 +34.1649758                      
621-108581 084.0499603 +34.1698442                      
621-108622 084.0567464 +34.1730286                      
621-108975 084.1156747 +34.1374258                      
621-108982 084.1167942 +34.1418139                      
621-108988 084.1178350 +34.1360983                      
621-109016 084.1226928 +34.1442097                      
621-109017 084.1227572 +34.1354789 12.837  0.013 12.776  0.025
621-109025 084.1247556 +34.1390003                      
621-109026 084.1248331 +34.1438411                      
621-109027 084.1251614 +34.1460642                      
621-109029 084.1253656 +34.1334981                      
621-109036 084.1271678 +34.1261350                      
621-109042 084.1280704 +34.1287278                      
621-109054 084.1300139 +34.1577933                      
621-109058 084.1307356 +34.1484881                      
621-109059 084.1313891 +34.1514031                      
621-109060 084.1321292 +34.1193414                      
621-109062 084.1324672 +34.1488739                      
621-109064 084.1327603 +34.1588892                      
621-109069 084.1337672 +34.1589422                      
621-108838 084.0955006 +34.1639361                      
621-108840 084.0955781 +34.1620592                      
621-108856 084.0974250 +34.1581694                      
621-108860 084.0984322 +34.1541478 14.364  0.059 13.782  0.042
621-108864 084.0987514 +34.1677522                      
621-108876 084.0997922 +34.1590536                      
621-108883 084.1003824 +34.1520631                      
621-108885 084.1008075 +34.1710756                      
621-108892 084.1017883 +34.1502072                      
621-108896 084.1022422 +34.1615092                      
621-108897 084.1023242 +34.1484856                      
621-108898 084.1025325 +34.1676058                      
621-108906 084.1033778 +34.1729803                      
621-108908 084.1035672 +34.1757153                      
621-108914 084.1042418 +34.1548258                      
621-108922 084.1066461 +34.1684972                      
621-108925 084.1070572 +34.1646442                      
621-108928 084.1074258 +34.1742753                      
621-108929 084.1074489 +34.1603967                      
621-108932 084.1077344 +34.1696256                      
621-108939 084.1095717 +34.1421133                      
621-108953 084.1114686 +34.1485269                      
621-108955 084.1118919 +34.1394408                      
621-108961 084.1128300 +34.1601583                      
621-108971 084.1147400 +34.1581861                      
621-108986 084.1173207 +34.1626656                      
621-108987 084.1173867 +34.1722567                      
621-108992 084.1188767 +34.1515669                      
621-108994 084.1192739 +34.1565686                      
621-108995 084.1192858 +34.1636986 14.691  0.019 14.209  0.039
621-108997 084.1194544 +34.1662317                      
621-109003 084.1206247 +34.1599453                      
621-109010 084.1215700 +34.1574433                      
621-109032 084.1258583 +34.1636906                      
621-109038 084.1271756 +34.1578411                      
621-109056 084.1305839 +34.1611861                      
621-109041 084.1277697 +34.1751175                      
621-109047 084.1286297 +34.1733475                      
621-109070 084.1338164 +34.1648058                      
621-108724 084.0750428 +34.1759453                      
621-108748 084.0806485 +34.1756775                      
621-108765 084.0843045 +34.1690403                      
621-108772 084.0856086 +34.1690628                      
621-108782 084.0877414 +34.1712861                      
621-108786 084.0883436 +34.1746708                      
621-108797 084.0897236 +34.1641736                      
621-108807 084.0912023 +34.1693222                      
621-108844 084.0960608 +34.1757175                      
